00000000000000000000000000000000
00000000000000000000000000000001
00000000000000000000000000001010
00000000000000000000000000001011
00000000000000000000000000001100
00000000000000000000000000000011
00000000000000000000000000000001
00000000000000000000000000011010
00000000000000000000000000000000
00000000000000000000000000000000
00000000000000000000000000000000
00000000000000000000000000000001
00000000000000000000000000000010
00000000000000000000000000000011
00000000000000000000000000001000
00000000000000000000000000001100
00000000000000000000000000001010
00000000000000000000000000000111
00000000000000011110000000110101
00000000000000000011010110001110
00000000000001111011010100010101
00100010111000000011110001100100
00000001101010010100101001000010
00001011111111111010111110000000
00000111111111111111110000000000
00000000000110101010101111110111
11000000000000000000000000110001
00000000000000000000000000000001
00000000000000000000000000000000
00000000000000000000000000000011
00000000000000000000000000000011
00000000000000000000000000000100