10000000
00000001
00000000
00001000
00000000
00000000
00000000
00100000
10000000
00000010
00000000
00001001
00000000
00000000
00000000
00100000
10000000
00000011
00000000
00001010
00000000
00000000
00000000
00100000
10000000
00000100
00000000
00001011
00000000
00000000
00000000
00100000
10100000
00000100
00000000
00001100
00000000
00000000
00000000
00100000
10100000
00000011
00000000
00001101
00000000
00000000
00000000
00100000
10100000
00000010
00000000
00001110
00000000
00000000
00000000
00100000
10100000
00000001
00000000
00001111
00000000
00000000
00000000
00100000
00100000
00001000
00000000
00000001
10000000
00000001
00000000
00001000
00000000
00000000
00000000
00100000
10000000
00000010
00000000
00001001
00000000
00000000
00000000
00100000
10000000
00000011
00000000
00001010
00000000
00000000
00000000
00100000
10000000
00000100
00000000
00001011
00000000
00000000
00000000
00100000
10000000
00000101
00000000
00001100
00000000
00000000
00000000
00100000
10000000
00000110
00000000
00001101
00000000
00000000
00000000
00100000
10000000
00000111
00000000
00001110
00000000
00000000
00000000
00100000
10000000
00001001
00000000
00001111
00000000
00000000
00000000
00100000
00010100
00100101
00000000
00010111
00000000
00000000
00000000
00100000
00010100
01000110
00000000
00010111
00000000
00000000
00000000
00100000
00010100
01100111
00000000
00010111
00000000
00000000
00000000
00100000
00010100
10001001
00000000
00010111
00000000
00000000
00000000
00100000
00001000
00000000
00000000
00011001
00000000
00000000
00000000
00100000
00000000
00000000
01000000
00100000
00001000
00000000
00000000
00110010