00000000000000101100000000000
00000000000000000000000000000
00000000000000000000000000000
00000000000000000000000000000
00000001000001101101000000001
00000000000000000000000000000
00000000000000000000000000000
00000000000000000000000000000
00000001110001001110000000011
00000000000000000000000000000
00000000000000000000000000000
00000000000000000000000000000
00000011000110101111000000110
00000000000000000000000000000
00000000000000000000000000000
00000000000000000000000000000
00000000000000000000000000000